Time Energy_LWR_A	Energy_LWR_B	Energy_SFR_A	Energy_SFR_B	Capacity_LWR_A	Capacity_LWR_B	Capacity_SFR_A	Capacity_SFR_B	built_LWR_A	built_LWR_B	built_SFR_A	built_SFR_B	FreshFuel_LWR_A	FreshFuel_LWR_B	FreshFuel_SFR_A	FreshFuel_SFR_B	Separation_LWR_A	Separation_LWR_B	Separation_SFR_A	Separation_SFR_B	Cooling_LWR_A	Cooling_LWR_B	Cooling_SFR_A	Cooling_SFR_B	Storage_LWR_A	Storage_LWR_B	Storage_SFR_A	Storage_SFR_B	EnrichFeed	EnrichSWU	retired_LWR_A	retired_LWR_B	retired_SFR_A	retired_SFR_B	stored_Pu	stored_MA	depleted_U	Recycled_U	wasted_U	wasted_Pu	wasted_MA	wasted_FP	
2015 0 0 0 0 0 0 0 0 0 1 0 0 0 88.695 0 0 0 0 0 0 0 0 0 0 0 0 0 0 0 0 -0 -0 -0 -0 0 0 0 0 0 0 0 0 
2016 0 0.9 0 0 0 1 0 0 0 0 0 0 0 0 0 0 0 0 0 0 0 0 0 0 0 0 0 0 0 0 -0 -0 -0 -0 57.3667 182.647 797.798 843.493 0 0 0 0 
2017 0 0.9 0 0 0 1 0 0 0 0 0 0 0 29.565 0 0 0 0 0 0 0 0 0 0 0 0 0 0 0 0 -0 -0 -0 -0 57.3667 182.647 797.798 843.493 0 0 0 0 
2018 0 0.9 0 0 0 1 0 0 0 0 0 0 0 29.565 0 0 0 0 0 0 0 29.565 0 0 0 0 0 0 0 0 -0 -0 -0 -0 55.793 181.743 793.85 820.353 0 0 0 0 
2019 0 0.9 0 0 0 1 0 0 0 0 0 0 0 0 0 0 0 0 0 0 0 59.13 0 0 0 0 0 0 0 0 -0 -0 -0 -0 54.2192 180.84 789.903 797.213 0 0 0 0 
2020 0 0.9 0 0 0 1 0 0 0 0 0 0 0 29.565 0 0 0 0 0 0 0 59.13 0 0 0 0 0 0 0 0 -0 -0 -0 -0 54.2192 180.84 789.903 797.213 0 0 0 0 
2021 0 0.9 0 0 0 1 0 0 0 0 0 0 0 29.565 0 0 0 0 0 0 0 88.695 0 0 0 0 0 0 0 0 -0 -0 -0 -0 52.6455 179.936 785.955 774.074 0 0 0 0 
2022 0 0.9 0 0 0 1 0 0 0 0 0 0 0 0 0 0 0 0 0 0 0 118.26 0 0 0 0 0 0 0 0 -0 -0 -0 -0 51.0717 179.032 782.007 750.934 0 0 0 0 
2023 0 0.9 0 0 0 1 0 0 0 0 0 0 0 29.565 0 0 0 0 0 0 0 118.26 0 0 0 0 0 0 0 0 -0 -0 -0 -0 51.0717 179.032 782.007 750.934 0 0 0 0 
2024 0 0.9 0 0 0 1 0 0 0 0 0 0 0 29.565 0 0 0 29.565 0 0 0 147.825 0 0 0 0 0 0 0 0 -0 -0 -0 -0 49.498 178.128 778.059 727.794 0 0 0 0 
2025 0 0.9 0 0 0 1 0 0 0 0 0 0 0 0 0 0 0 29.565 0 0 0 147.825 0 0 0 0 0 0 0 0 -0 -0 -0 -0 49.6826 177.224 774.112 730.509 0.314016 0.0213578 0.11826 1.49895 
2026 0 0.9 0 0 0 1 0 0 0 0 0 0 0 29.565 0 0 0 0 0 0 0 118.26 0 0 0 0 0 0 0 0 -0 -0 -0 -0 51.441 177.224 774.112 756.363 0.628032 0.0427155 0.23652 2.99789 
2027 0 0.9 0 0 0 1 0 0 0 0 0 0 0 29.565 0 0 0 29.565 0 0 0 147.825 0 0 0 0 0 0 0 0 -0 -0 -0 -0 49.8673 176.321 770.165 733.222 0.628032 0.0427155 0.23652 2.99789 
2028 0 0.9 0 0 0 1 0 0 0 0 0 0 0 0 0 0 0 29.565 0 0 0 147.825 0 0 0 0 0 0 0 0 -0 -0 -0 -0 50.0519 175.417 766.217 735.937 0.942047 0.0640733 0.35478 4.49684 
2029 0 0.9 0 0 0 1 0 0 0 0 0 0 0 29.565 0 0 0 0 0 0 0 118.26 0 0 0 0 0 0 0 0 -0 -0 -0 -0 51.8103 175.417 766.217 761.791 1.25606 0.085431 0.47304 5.99578 
2030 0 0.9 0 0 0 1 0 0 0 0 0 0 0 29.565 0 0 0 29.565 0 0 0 147.825 0 0 0 0 0 0 0 0 -0 -0 -0 -0 50.2364 174.513 762.27 738.65 1.25606 0.085431 0.47304 5.99578 
2031 0 0.9 0 0 0 1 0 0 0 0 0 0 0 0 0 0 0 29.565 0 0 0 147.825 0 0 0 0 0 0 0 0 -0 -0 -0 -0 50.4211 173.61 758.322 741.364 1.57008 0.106789 0.5913 7.49473 
2032 0 0.9 0 0 0 1 0 0 0 0 0 0 0 29.565 0 0 0 0 0 0 0 118.26 0 0 0 0 0 0 0 0 -0 -0 -0 -0 52.1796 173.61 758.322 767.218 1.88409 0.128147 0.70956 8.99367 
2033 0 0.9 0 0 0 1 0 0 0 0 0 0 0 29.565 0 0 0 29.565 0 0 0 147.825 0 0 0 0 0 0 0 0 -0 -0 -0 -0 50.6057 172.706 754.375 744.078 1.88409 0.128147 0.70956 8.99367 
2034 0 0.9 0 0 0 1 0 0 0 0 0 0 0 0 0 0 0 29.565 0 0 0 147.825 0 0 0 0 0 0 0 0 -0 -0 -0 -0 50.7903 171.802 750.427 746.792 2.19811 0.149504 0.82782 10.4926 
2035 0 0.9 0 0 0 1 0 0 0 0 0 0 0 29.565 0 0 0 0 0 0 0 118.26 0 0 0 0 0 0 0 0 -0 -0 -0 -0 52.5487 171.802 750.427 772.646 2.51213 0.170862 0.94608 11.9916 
2036 0 0.9 0 0 0 1 0 0 0 0 0 0 0 29.565 0 0 0 29.565 0 0 0 147.825 0 0 0 0 0 0 0 0 -0 -0 -0 -0 50.9749 170.898 746.48 749.506 2.51213 0.170862 0.94608 11.9916 
2037 0 0.9 0 0 0 1 0 0 0 0 0 0 0 0 0 0 0 29.565 0 0 0 147.825 0 0 0 0 0 0 0 0 -0 -0 -0 -0 51.1595 169.995 742.533 752.219 2.82614 0.19222 1.06434 13.4905 
2038 0 0.9 0 0 0 1 0 0 0 0 0 0 0 29.565 0 0 0 0 0 0 0 118.26 0 0 0 0 0 0 0 0 -0 -0 -0 -0 52.918 169.995 742.533 778.073 3.14016 0.213578 1.1826 14.9895 
2039 0 0.9 0 0 0 1 0 0 0 0 0 0 0 29.565 0 0 0 29.565 0 0 0 147.825 0 0 0 0 0 0 0 0 -0 -0 -0 -0 51.3441 169.091 738.585 754.934 3.14016 0.213578 1.1826 14.9895 
2040 0 0.9 0 0 0 1 0 0 0 0 0 0 0 0 0 0 0 29.565 0 0 0 147.825 0 0 0 0 0 0 0 0 -0 -0 -0 -0 51.5287 168.187 734.638 757.647 3.45417 0.234935 1.30086 16.4884 
2041 0 0.9 0 0 0 1 0 0 0 0 0 0 0 29.565 0 0 0 0 0 0 0 118.26 0 0 0 0 0 0 0 0 -0 -0 -0 -0 53.2872 168.187 734.638 783.501 3.76819 0.256293 1.41912 17.9873 
2042 0 0.9 0 0 0 1 0 0 0 0 0 0 0 29.565 0 0 0 29.565 0 0 0 147.825 0 0 0 0 0 0 0 0 -0 -0 -0 -0 51.7133 167.284 730.691 760.361 3.76819 0.256293 1.41912 17.9873 
2043 0 0.9 0 0 0 1 0 0 0 0 0 0 0 0 0 0 0 29.565 0 0 0 147.825 0 0 0 0 0 0 0 0 -0 -0 -0 -0 51.8978 166.38 726.744 763.075 4.08221 0.277651 1.53738 19.4863 
2044 0 0.9 0 0 0 1 0 0 0 0 0 0 0 29.565 0 0 0 0 0 0 0 118.26 0 0 0 0 0 0 0 0 -0 -0 -0 -0 53.6563 166.38 726.744 788.929 4.39622 0.299009 1.65564 20.9852 
2045 0 0.9 0 0 0 1 0 0 0 0 0 0 0 29.565 0 0 0 29.565 0 0 0 147.825 0 0 0 0 0 0 0 0 -0 -0 -0 -0 52.0825 165.476 722.797 765.788 4.39622 0.299009 1.65564 20.9852 
2046 0 0.9 0 0 0 1 0 0 0 0 0 0 0 0 0 0 0 29.565 0 0 0 147.825 0 0 0 0 0 0 0 0 -0 -0 -0 -0 52.2671 164.573 718.849 768.503 4.71024 0.320366 1.7739 22.4842 
2047 0 0.9 0 0 0 1 0 0 0 0 0 0 0 29.565 0 0 0 0 0 0 0 118.26 0 0 0 0 0 0 0 0 -0 -0 -0 -0 54.0256 164.573 718.849 794.357 5.02425 0.341724 1.89216 23.9831 
2048 0 0.9 0 0 0 1 0 0 0 0 0 0 0 29.565 0 0 0 29.565 0 0 0 147.825 0 0 0 0 0 0 0 0 -0 -0 -0 -0 52.4517 163.669 714.902 771.216 5.02425 0.341724 1.89216 23.9831 
2049 0 0.9 0 0 0 1 0 0 0 0 0 0 0 0 0 0 0 29.565 0 0 0 147.825 0 0 0 0 0 0 0 0 -0 -0 -0 -0 52.6363 162.765 710.955 773.93 5.33827 0.363082 2.01042 25.4821 
2050 0 0.9 0 0 0 1 0 0 0 0 0 0 0 29.565 0 0 0 0 0 0 0 118.26 0 0 0 0 0 0 0 0 -0 -0 -0 -0 54.3947 162.765 710.955 799.784 5.65228 0.38444 2.12868 26.981 
2051 0 0.9 0 0 0 1 0 0 0 0 0 0 0 29.565 0 0 0 29.565 0 0 0 147.825 0 0 0 0 0 0 0 0 -0 -0 -0 -0 52.8208 161.862 707.007 776.644 5.65228 0.38444 2.12868 26.981 
2052 0 0.9 0 0 0 1 0 0 0 0 0 0 0 0 0 0 0 29.565 0 0 0 147.825 0 0 0 0 0 0 0 0 -0 -0 -0 -0 53.0054 160.958 703.06 779.357 5.9663 0.405797 2.24694 28.48 
2053 0 0.9 0 0 0 1 0 0 0 0 0 0 0 29.565 0 0 0 0 0 0 0 118.26 0 0 0 0 0 0 0 0 -0 -0 -0 -0 54.7639 160.958 703.06 805.211 6.28032 0.427155 2.3652 29.9789 
2054 0 0.9 0 0 0 1 0 0 0 0 0 0 0 29.565 0 0 0 29.565 0 0 0 147.825 0 0 0 0 0 0 0 0 -0 -0 -0 -0 53.1901 160.054 699.113 782.071 6.28032 0.427155 2.3652 29.9789 
2055 0 0.9 0 0 0 1 0 0 0 0 0 0 0 0 0 0 0 29.565 0 0 0 147.825 0 0 0 0 0 0 0 0 -0 -0 -0 -0 53.3747 159.15 695.165 784.785 6.59433 0.448513 2.48346 31.4779 
2056 0 0.9 0 0 0 1 0 0 0 0 0 0 0 29.565 0 0 0 0 0 0 0 118.26 0 0 0 0 0 0 0 0 -0 -0 -0 -0 55.1331 159.15 695.165 810.639 6.90835 0.469871 2.60172 32.9768 
2057 0 0.9 0 0 0 1 0 0 0 0 0 0 0 29.565 0 0 0 29.565 0 0 0 147.825 0 0 0 0 0 0 0 0 -0 -0 -0 -0 53.5592 158.247 691.218 787.499 6.90835 0.469871 2.60172 32.9768 
2058 0 0.9 0 0 0 1 0 0 0 0 0 0 0 0 0 0 0 29.565 0 0 0 147.825 0 0 0 0 0 0 0 0 -0 -0 -0 -0 53.7438 157.343 687.271 790.213 7.22236 0.491228 2.71998 34.4757 
2059 0 0.9 0 0 0 1 0 0 0 0 0 0 0 29.565 0 0 0 0 0 0 0 118.26 0 0 0 0 0 0 0 0 -0 -0 -0 -0 55.5023 157.343 687.271 816.067 7.53638 0.512586 2.83824 35.9747 
2060 0 0.9 0 0 0 1 0 0 0 0 0 0 0 29.565 0 0 0 29.565 0 0 0 147.825 0 0 0 0 0 0 0 0 -0 -0 -0 -0 53.9284 156.439 683.324 792.926 7.53638 0.512586 2.83824 35.9747 
2061 0 0.9 0 0 0 1 0 0 0 0 0 0 0 0 0 0 0 29.565 0 0 0 147.825 0 0 0 0 0 0 0 0 -0 -0 -0 -0 54.113 155.536 679.377 795.64 7.85039 0.533944 2.9565 37.4736 
2062 0 0.9 0 0 0 1 0 0 0 0 0 0 0 29.565 0 0 0 0 0 0 0 118.26 0 0 0 0 0 0 0 0 -0 -0 -0 -0 55.8714 155.536 679.377 821.494 8.16441 0.555302 3.07476 38.9726 
2063 0 0.9 0 0 0 1 0 0 0 0 0 0 0 29.565 0 0 0 29.565 0 0 0 147.825 0 0 0 0 0 0 0 0 -0 -0 -0 -0 54.2975 154.632 675.429 798.354 8.16441 0.555302 3.07476 38.9726 
2064 0 0.9 0 0 0 1 0 0 0 0 0 0 0 0 0 0 0 29.565 0 0 0 147.825 0 0 0 0 0 0 0 0 -0 -0 -0 -0 54.4822 153.729 671.482 801.067 8.47843 0.576659 3.19302 40.4715 
2065 0 0.9 0 0 0 1 0 0 0 0 0 0 0 29.565 0 0 0 0 0 0 0 118.26 0 0 0 0 0 0 0 0 -0 -0 -0 -0 56.2406 153.729 671.482 826.921 8.79244 0.598017 3.31128 41.9705 
2066 0 0.9 0 0 0 1 0 0 0 0 0 0 0 29.565 0 0 0 29.565 0 0 0 147.825 0 0 0 0 0 0 0 0 -0 -0 -0 -0 54.6668 152.825 667.534 803.782 8.79244 0.598017 3.31128 41.9705 
2067 0 0.9 0 0 0 1 0 0 0 0 0 0 0 0 0 0 0 29.565 0 0 0 147.825 0 0 0 0 0 0 0 0 -0 -0 -0 -0 54.8514 151.921 663.587 806.496 9.10646 0.619375 3.42954 43.4694 
2068 0 0.9 0 0 0 1 0 0 0 0 0 0 0 29.565 0 0 0 0 0 0 0 118.26 0 0 0 0 0 0 0 0 -0 -0 -0 -0 56.6098 151.921 663.587 832.349 9.42047 0.640733 3.5478 44.9684 
2069 0 0.9 0 0 0 1 0 0 0 0 0 0 0 29.565 0 0 0 29.565 0 0 0 147.825 0 0 0 0 0 0 0 0 -0 -0 -0 -0 55.036 151.017 659.64 809.209 9.42047 0.640733 3.5478 44.9684 
2070 0 0.9 0 0 0 1 0 0 0 0 0 0 0 0 0 0 0 29.565 0 0 0 147.825 0 0 0 0 0 0 0 0 -0 -0 -0 -0 55.2205 150.114 655.693 811.923 9.73449 0.66209 3.66606 46.4673 
2071 0 0.9 0 0 0 1 0 0 0 0 0 0 0 29.565 0 0 0 0 0 0 0 118.26 0 0 0 0 0 0 0 0 -0 -0 -0 -0 56.979 150.114 655.693 837.777 10.0485 0.683448 3.78432 47.9663 
2072 0 0.9 0 0 0 1 0 0 0 0 0 0 0 29.565 0 0 0 29.565 0 0 0 147.825 0 0 0 0 0 0 0 0 -0 -0 -0 -0 55.4051 149.21 651.746 814.637 10.0485 0.683448 3.78432 47.9663 
2073 0 0.9 0 0 0 1 0 0 0 0 0 0 0 0 0 0 0 29.565 0 0 0 147.825 0 0 0 0 0 0 0 0 -0 -0 -0 -0 55.5897 148.306 647.799 817.35 10.3625 0.704806 3.90258 49.4652 
2074 0 0.9 0 0 0 1 0 0 0 0 0 0 0 29.565 0 0 0 0 0 0 0 118.26 0 0 0 0 0 0 0 0 -0 -0 -0 -0 57.3481 148.306 647.799 843.204 10.6765 0.726164 4.02084 50.9641 
2075 0 0.9 0 0 0 1 0 0 0 0 0 0 0 29.565 0 0 0 29.565 0 0 0 147.825 0 0 0 0 0 0 0 0 -0 -0 -0 -0 55.7742 147.403 643.851 820.064 10.6765 0.726164 4.02084 50.9641 
2076 0 0.9 0 0 0 1 0 0 0 0 0 0 0 0 0 0 0 29.565 0 0 0 147.825 0 0 0 0 0 0 0 0 -0 -0 -0 -0 55.9589 146.499 639.904 822.778 10.9906 0.747521 4.1391 52.4631 
2077 0 0.9 0 0 0 1 0 0 0 0 0 0 0 29.565 0 0 0 0 0 0 0 118.26 0 0 0 0 0 0 0 0 -0 -0 -0 -0 57.7173 146.499 639.904 848.632 11.3046 0.768879 4.25736 53.962 
2078 0 0.9 0 0 0 1 0 0 0 0 0 0 0 29.565 0 0 0 29.565 0 0 0 147.825 0 0 0 0 0 0 0 0 -0 -0 -0 -0 56.1435 145.595 635.956 825.492 11.3046 0.768879 4.25736 53.962 
2079 0 0.9 0 0 0 1 0 0 0 0 0 0 0 0 0 0 0 29.565 0 0 0 147.825 0 0 0 0 0 0 0 0 -0 -0 -0 -0 56.3281 144.692 632.009 828.206 11.6186 0.790237 4.37562 55.461 
2080 0 0.9 0 0 0 1 0 0 0 0 0 0 0 29.565 0 0 0 0 0 0 0 118.26 0 0 0 0 0 0 0 0 -0 -0 -0 -0 58.0865 144.692 632.009 854.06 11.9326 0.811595 4.49388 56.9599 
2081 0 0.9 0 0 0 1 0 0 0 0 0 0 0 29.565 0 0 0 29.565 0 0 0 147.825 0 0 0 0 0 0 0 0 -0 -0 -0 -0 56.5127 143.788 628.062 830.919 11.9326 0.811595 4.49388 56.9599 
2082 0 0.9 0 0 0 1 0 0 0 0 0 0 0 0 0 0 0 29.565 0 0 0 147.825 0 0 0 0 0 0 0 0 -0 -0 -0 -0 56.6972 142.884 624.115 833.633 12.2466 0.832952 4.61214 58.4589 
2083 0 0.9 0 0 0 1 0 0 0 0 0 0 0 29.565 0 0 0 0 0 0 0 118.26 0 0 0 0 0 0 0 0 -0 -0 -0 -0 58.4557 142.884 624.115 859.487 12.5606 0.85431 4.7304 59.9578 
2084 0 0.9 0 0 0 1 0 0 0 0 0 0 0 29.565 0 0 0 29.565 0 0 0 147.825 0 0 0 0 0 0 0 0 -0 -0 -0 -0 56.8818 141.981 620.168 836.347 12.5606 0.85431 4.7304 59.9578 
2085 0 0.9 0 0 0 1 0 0 0 0 0 0 0 0 0 0 0 29.565 0 0 0 147.825 0 0 0 0 0 0 0 0 -0 -0 -0 -0 57.0664 141.077 616.221 839.06 12.8746 0.875668 4.84866 61.4568 
2086 0 0.9 0 0 0 1 0 0 0 0 0 0 0 29.565 0 0 0 0 0 0 0 118.26 0 0 0 0 0 0 0 0 -0 -0 -0 -0 58.8248 141.077 616.221 864.914 13.1887 0.897026 4.96692 62.9557 
2087 0 0.9 0 0 0 1 0 0 0 0 0 0 0 29.565 0 0 0 29.565 0 0 0 147.825 0 0 0 0 0 0 0 0 -0 -0 -0 -0 57.2509 140.173 612.273 841.774 13.1887 0.897026 4.96692 62.9557 
2088 0 0.9 0 0 0 1 0 0 0 0 0 0 0 0 0 0 0 29.565 0 0 0 147.825 0 0 0 0 0 0 0 0 -0 -0 -0 -0 57.4355 139.27 608.326 844.488 13.5027 0.918384 5.08518 64.4547 
2089 0 0.9 0 0 0 1 0 0 0 0 0 0 0 29.565 0 0 0 0 0 0 0 118.26 0 0 0 0 0 0 0 0 -0 -0 -0 -0 59.194 139.27 608.326 870.342 13.8167 0.939741 5.20344 65.9536 
2090 0 0.9 0 0 0 1 0 0 0 0 0 0 0 29.565 0 0 0 29.565 0 0 0 147.825 0 0 0 0 0 0 0 0 -0 -0 -0 -0 57.6202 138.366 604.379 847.201 13.8167 0.939741 5.20344 65.9536 
2091 0 0.9 0 0 0 1 0 0 0 0 0 0 0 0 0 0 0 29.565 0 0 0 147.825 0 0 0 0 0 0 0 0 -0 -0 -0 -0 57.8048 137.462 600.431 849.916 14.1307 0.961099 5.3217 67.4525 
2092 0 0.9 0 0 0 1 0 0 0 0 0 0 0 29.565 0 0 0 0 0 0 0 118.26 0 0 0 0 0 0 0 0 -0 -0 -0 -0 59.5632 137.462 600.431 875.77 14.4447 0.982457 5.43996 68.9515 
2093 0 0.9 0 0 0 1 0 0 0 0 0 0 0 29.565 0 0 0 29.565 0 0 0 147.825 0 0 0 0 0 0 0 0 -0 -0 -0 -0 57.9894 136.559 596.484 852.629 14.4447 0.982457 5.43996 68.9515 
2094 0 0.9 0 0 0 1 0 0 0 1 0 0 0 59.13 0 0 0 29.565 0 0 0 147.825 0 0 0 0 0 0 0 0 -0 -0 -0 -0 58.1739 135.655 592.537 855.343 14.7587 1.00381 5.55822 70.4504 
2095 0 0.9 0 0 0 1 0 0 0 0 0 0 0 29.565 0 0 0 0 0 0 0 206.955 0 0 0 0 0 0 0 0 -0 1 -0 -0 56.7846 133.848 584.643 834.916 15.0728 1.02517 5.67648 71.9494 
2096 0 0.9 0 0 0 1 0 0 0 0 0 0 0 29.565 0 0 0 29.565 0 0 0 206.955 0 0 0 0 0 0 0 0 -0 -0 -0 -0 55.2107 132.944 580.695 811.776 15.0728 1.02517 5.67648 71.9494 
2097 0 0.9 0 0 0 1 0 0 0 0 0 0 0 0 0 0 0 29.565 0 0 0 206.955 0 0 0 0 0 0 0 0 -0 -0 -0 -0 55.3953 132.04 576.748 814.49 15.3868 1.04653 5.79474 73.4483 
2098 0 0.9 0 0 0 1 0 0 0 0 0 0 0 29.565 0 0 0 0 0 0 0 177.39 0 0 0 0 0 0 0 0 -0 -0 -0 -0 57.1538 132.04 576.748 840.344 15.7008 1.06789 5.913 74.9473 
2099 0 0.9 0 0 0 1 0 0 0 0 0 0 0 29.565 0 0 0 29.565 0 0 0 206.955 0 0 0 0 0 0 0 0 -0 -0 -0 -0 55.5799 131.137 572.801 817.204 15.7008 1.06789 5.913 74.9473 
2100 0 0.9 0 0 0 1 0 0 0 0 0 0 0 0 0 0 0 29.565 0 0 0 206.955 0 0 0 0 0 0 0 0 -0 -0 -0 -0 55.7644 130.233 568.854 819.917 16.0148 1.08925 6.03126 76.4462 
2101 0 0.9 0 0 0 1 0 0 0 0 0 0 0 29.565 0 0 0 0 0 0 0 177.39 0 0 0 0 0 0 0 0 -0 -0 -0 -0 57.5229 130.233 568.854 845.771 16.3288 1.1106 6.14952 77.9452 
2102 0 0.9 0 0 0 1 0 0 0 0 0 0 0 29.565 0 0 0 88.695 0 0 0 206.955 0 0 0 0 0 0 0 0 -0 -0 -0 -0 55.9491 129.329 564.907 822.631 16.3288 1.1106 6.14952 77.9452 
2103 0 0.9 0 0 0 1 0 0 0 0 0 0 0 0 0 0 0 29.565 0 0 0 147.825 0 0 0 0 0 0 0 0 -0 -0 -0 -0 60.34 128.425 560.959 877.962 17.2819 1.18305 6.38604 80.9431 
2104 0 0.9 0 0 0 1 0 0 0 0 0 0 0 29.565 0 0 0 0 0 0 0 118.26 0 0 0 0 0 0 0 0 -0 -0 -0 -0 62.0984 128.425 560.959 903.816 17.5959 1.20441 6.5043 82.442 
2105 0 0.9 0 0 0 1 0 0 0 0 0 0 0 29.565 0 0 0 29.565 0 0 0 147.825 0 0 0 0 0 0 0 0 -0 -0 -0 -0 60.5246 127.522 557.012 880.675 17.5959 1.20441 6.5043 82.442 
2106 0 0.9 0 0 0 1 0 0 0 0 0 0 0 0 0 0 0 29.565 0 0 0 147.825 0 0 0 0 0 0 0 0 -0 -0 -0 -0 60.7091 126.618 553.065 883.389 17.9099 1.22576 6.62256 83.9409 
2107 0 0.9 0 0 0 1 0 0 0 0 0 0 0 29.565 0 0 0 0 0 0 0 118.26 0 0 0 0 0 0 0 0 -0 -0 -0 -0 62.4676 126.618 553.065 909.243 18.2239 1.24712 6.74082 85.4399 
2108 0 0.9 0 0 0 1 0 0 0 0 0 0 0 29.565 0 0 0 29.565 0 0 0 147.825 0 0 0 0 0 0 0 0 -0 -0 -0 -0 60.8937 125.714 549.117 886.103 18.2239 1.24712 6.74082 85.4399 
2109 0 0.9 0 0 0 1 0 0 0 0 0 0 0 0 0 0 0 29.565 0 0 0 147.825 0 0 0 0 0 0 0 0 -0 -0 -0 -0 61.0783 124.811 545.17 888.816 18.538 1.26848 6.85908 86.9388 
2110 0 0.9 0 0 0 1 0 0 0 0 0 0 0 29.565 0 0 0 0 0 0 0 118.26 0 0 0 0 0 0 0 0 -0 -0 -0 -0 62.8367 124.811 545.17 914.67 18.852 1.28984 6.97734 88.4378 
2111 0 0.9 0 0 0 1 0 0 0 0 0 0 0 29.565 0 0 0 29.565 0 0 0 147.825 0 0 0 0 0 0 0 0 -0 -0 -0 -0 61.2628 123.907 541.223 891.53 18.852 1.28984 6.97734 88.4378 
2112 0 0.9 0 0 0 1 0 0 0 0 0 0 0 0 0 0 0 29.565 0 0 0 147.825 0 0 0 0 0 0 0 0 -0 -0 -0 -0 61.4474 123.003 537.276 894.244 19.166 1.3112 7.0956 89.9367 
2113 0 0.9 0 0 0 1 0 0 0 0 0 0 0 29.565 0 0 0 0 0 0 0 118.26 0 0 0 0 0 0 0 0 -0 -0 -0 -0 63.2059 123.003 537.276 920.098 19.48 1.33255 7.21386 91.4357 
2114 0 0.9 0 0 0 1 0 0 0 0 0 0 0 29.565 0 0 0 29.565 0 0 0 147.825 0 0 0 0 0 0 0 0 -0 -0 -0 -0 61.632 122.1 533.329 896.957 19.48 1.33255 7.21386 91.4357 
